1
s.txt
n.txt
2
4
22
6
4
36
2
4
36
2
4
36
2
4
36
1
4
36
3
4
36
5
4
99
1
4
99
1
4
99
1
4
99
1
4
99
1
4
99
1
4
99
1
4
99
1
4
99
1
4
99
1
4
242
2
4
242
2
4
242
2
4
242
2
4
242
1
4
242
2
4
242
1
4
444
1
4
444
1
4
444
1
4
444
1
4
444
1
4
444
1
4
444
1
4
444
1
4
444
1
4
444
2
4
444
1
4
355
7
4
355
3
4
355
2
4
355
7
4
355
3
4
355
2
4
355
7
4
355
3
4
355
2
4
355
7
4
355
3
4
355
2
4
355
7
4
355
3
4
355
2
4
444
2
4
444
1
4
444
2
4
444
1
4
242
2
4
242
1
4
242
2
4
242
2
4
99
1
4
99
1
4
99
1
5
6
7
8
